
level 1

[[8, 7, 6, 4, 3], [5, 3, 5, 2, 6], [1, 7, 5, 5, 1],[9, 7, 1, 8, 4], [3, 4, 9, 4, 7], [9, 6, 6, 8, 9], [5, 9, 5, 3, 1], [4, 8, 4, 6, 8], [4, 9, 8, 1, 7],[9, 9, 8, 2, 6], [4, 1, 9, 6, 7], [5, 6, 5, 9, 8],[9, 4, 5, 7, 2], [8, 9, 7, 7, 8], [8, 1, 1, 4, 3],[9, 8, 2, 7, 6], [7, 7, 1, 2, 8], [4, 7, 3, 7, 5],[1, 3, 2, 6, 5], [2, 3, 9, 4, 2], [4, 9, 7, 6, 2],[6, 9, 4, 1, 3], [3, 1, 9, 1, 1], [7, 6, 2, 4, 8],[8, 4, 5, 2, 4], [6, 9, 2, 4, 3], [4, 9, 8, 6, 8],[2, 4, 6, 1, 6], [3, 7, 5, 9, 2], [5, 3, 1, 8, 1],[8, 7, 5, 8, 4], [3, 7, 6, 3, 5], [2, 1, 2, 8, 5],[7, 8, 2, 1, 6], [8, 6, 1, 9, 5], [7, 4, 3, 8, 5],[6, 1, 5, 4, 7], [3, 3, 1, 8, 2], [1, 3, 9, 2, 6],[2, 3, 7, 1, 6], [5, 8, 9, 4, 3], [9, 2, 7, 3, 1],[9, 7, 8, 6, 3], [6, 3, 2, 5, 3], [8, 3, 1, 4, 7],[6, 2, 9, 8, 3], [7, 1, 4, 7, 9], [2, 3, 5, 9, 7],[1, 9, 4, 1, 6], [9, 8, 6, 3, 1]];

[8, 6, 9, 7, 5, 10, 5, 10, 11, 2, 1, 7, 3, 11, 3, 4, 5, 2, 9, 8, 2, 9, 13, 15, 3, 12, 3, 4, 8, 10, 10, 4, 6, 10, 7, 13, 7, 11, 9, 7, 3, 2, 1, 7, 9, 8, 0, 8, 9, 11];

level 2

[[9, 1, 4, 1, 5], [1, 4, 5, 9, 1], [9, 8, 2, 8, 7], [3, 3, 7, 4, 5], [8, 8, 1, 3, 7], [3, 2, 9, 3, 5], [6, 8, 2, 9, 3], [7, 7, 5, 1, 8], [7, 8, 7, 6, 3], [8, 6, 4, 3, 6], [3, 4, 2, 5, 6], [4, 1, 9, 3, 8], [9, 1, 2, 5, 3], [8, 1, 9, 8, 4], [5, 2, 9, 6, 7], [1, 6, 6, 7, 3], [3, 5, 6, 8, 1], [4, 7, 8, 3, 1], [6, 4, 3, 4, 9], [2, 8, 9, 4, 8], [7, 3, 9, 1, 3], [5, 4, 2, 7, 9], [2, 1, 4, 4, 6], [1, 8, 6, 2, 5], [8, 2, 3, 4, 5], [2, 6, 3, 2, 7], [7, 8, 5, 7, 8], [1, 4, 5, 2, 8], [9, 1, 3, 6, 5], [6, 7, 8, 2, 4], [3, 8, 5, 1, 6], [1, 8, 2, 5, 4], [4, 2, 8, 3, 2], [1, 4, 9, 7, 3], [5, 6, 8, 1, 4], [4, 4, 8, 3, 5], [1, 4, 7, 5, 9], [1, 3, 2, 7, 4], [6, 8, 2, 4, 4], [3, 4, 9, 8, 3], [7, 9, 1, 6, 8], [4, 6, 7, 9, 3], [5, 3, 2, 5, 6], [7, 3, 1, 7, 2], [3, 5, 2, 2, 6], [9, 6, 6, 8, 6], [1, 7, 8, 9, 3], [3, 6, 2, 9, 4], [2, 9, 5, 3, 5], [3, 2, 9, 1, 2], [3, 4, 3, 1, 8]];

[8, 1, 3, 6, 12, 10, 5, 1, 6, 5, 3, 4, 0, 2, 13, 2, 1, 10, 1, 11, 4, 1, 2, 1, 8, 3, 2, 13, 4, 6, 0, 13, 6, 5, 7, 11, 5, 12, 14, 2, 4, 14, 9, 12, 4, 7, 4, 8, 7, 6];


Level 3

[[4, 1, 10, 3, 11], [13, 15, 8, 10, 14], [5, 8, 4, 13, 9], [2, 7, 14, 6, 8], [14, 4, 7, 13, 5], [6, 5, 11, 1, 4], [2, 6, 11, 11, 6], [6, 2, 2, 8, 4], [6, 15, 11, 5, 6], [2, 5, 13, 2, 13], [3, 8, 2, 8, 1], [8, 6, 10, 1, 4], [2, 7, 12, 9, 7], [3, 8, 4, 3, 1], [8, 6, 13, 3, 11], [9, 7, 12, 15, 11], [6, 11, 13, 9, 15], [3, 6, 4, 10, 11], [14, 1, 12, 10, 9], [10, 5, 11, 4, 5], [14, 4, 8, 10, 2], [4, 5, 2, 6, 3], [5, 12, 4, 13, 11], [9, 12, 5, 12, 15], [11, 14, 7, 12, 6], [6, 7, 1, 6, 7], [5, 3, 4, 12, 9], [10, 3, 6, 4, 2], [1, 12, 2, 4, 12], [5, 12, 11, 15, 12], [9, 8, 1, 7, 5], [14, 5, 4, 14, 5], [6, 5, 11, 1, 8], [13, 13, 15, 2, 2], [2, 12, 7, 4, 3], [10, 1, 12, 5, 7], [1, 3, 11, 7, 4], [7, 10, 8, 12, 14], [6, 8, 2, 6, 7], [3, 11, 2, 3, 13], [8, 14, 5, 12, 15], [5, 5, 4, 14, 7], [4, 4, 3, 8, 7], [13, 14, 9, 13, 14], [9, 15, 6, 3, 10], [9, 7, 4, 3, 13], [6, 7, 3, 14, 14], [8, 15, 9, 8, 2], [13, 6, 7, 3, 12], [7, 14, 4, 1, 7]];

[3, 16, 14, 14, 20, 3, 2, 6, 4, 23, 19, 5, 4, 20, 16, 20, 28, 4, 1, 9, 22, 4, 15, 20, 0, 9, 11, 4, 2, 9, 5, 4, 15, 28, 25, 4, 19, 27, 29, 8, 1, 8, 3, 2, 2, 24, 28, 3, 5, 10];

